. 
"running tests on dec2bin"     
. 
"running tests on dec2hex"     
function start 

hex number is: 
0x00000005zU8function start 

hex number is: 
0x0001E240<JÌfunction start 

hex number is: 
0x0000FFFF’Úfunction start 

hex number is: 
0x3A400000VÑ1function start 

hex number is: 
0x40001234þyÜófunction start 

hex number is: 
0x0000000000000005Ñt>function start 

hex number is: 
0x000000000001E240~Û½ofunction start 

hex number is: 
0x0000FFFFÕ~òŽfunction start 

hex number is: 
0x000000003A400000¯?function start 

hex number is: 
0x40001234´S6d. 
"running tests on timesTables" 
Times table up to (null)
Times table up to 2
|   1 |   2 
|   2 |   4 
Times table up to 5
|   1 |   2 |   3 |   4 |   5 
|   2 |   4 |   6 |   8 |  10 
|   3 |   6 |   9 |  12 |  15 
|   4 |   8 |  12 |  16 |  20 
|   5 |  10 |  15 |  20 |  25 
Times table up to 10
|   1 |   2 |   3 |   4 |   5 |   6 |   7 |   8 |   9 |  10 
|   2 |   4 |   6 |   8 |  10 |  12 |  14 |  16 |  18 |  20 
|   3 |   6 |   9 |  12 |  15 |  18 |  21 |  24 |  27 |  30 
|   4 |   8 |  12 |  16 |  20 |  24 |  28 |  32 |  36 |  40 
|   5 |  10 |  15 |  20 |  25 |  30 |  35 |  40 |  45 |  50 
|   6 |  12 |  18 |  24 |  30 |  36 |  42 |  48 |  54 |  60 
|   7 |  14 |  21 |  28 |  35 |  42 |  49 |  56 |  63 |  70 
|   8 |  16 |  24 |  32 |  40 |  48 |  56 |  64 |  72 |  80 
|   9 |  18 |  27 |  36 |  45 |  54 |  63 |  72 |  81 |  90 
|  10 |  20 |  30 |  40 |  50 |  60 |  70 |  80 |  90 | 100 
Times table up to 12
|   1 |   2 |   3 |   4 |   5 |   6 |   7 |   8 |   9 |  10 |  11 |  12 
|   2 |   4 |   6 |   8 |  10 |  12 |  14 |  16 |  18 |  20 |  22 |  24 
|   3 |   6 |   9 |  12 |  15 |  18 |  21 |  24 |  27 |  30 |  33 |  36 
|   4 |   8 |  12 |  16 |  20 |  24 |  28 |  32 |  36 |  40 |  44 |  48 
|   5 |  10 |  15 |  20 |  25 |  30 |  35 |  40 |  45 |  50 |  55 |  60 
|   6 |  12 |  18 |  24 |  30 |  36 |  42 |  48 |  54 |  60 |  66 |  72 
|   7 |  14 |  21 |  28 |  35 |  42 |  49 |  56 |  63 |  70 |  77 |  84 
|   8 |  16 |  24 |  32 |  40 |  48 |  56 |  64 |  72 |  80 |  88 |  96 
|   9 |  18 |  27 |  36 |  45 |  54 |  63 |  72 |  81 |  90 |  99 | 108 
|  10 |  20 |  30 |  40 |  50 |  60 |  70 |  80 |  90 | 100 | 110 | 120 
|  11 |  22 |  33 |  44 |  55 |  66 |  77 |  88 |  99 | 110 | 121 | 132 
|  12 |  24 |  36 |  48 |  60 |  72 |  84 |  96 | 108 | 120 | 132 | 144 
Times table up to 13
|   1 |   2 |   3 |   4 |   5 |   6 |   7 |   8 |   9 |  10 |  11 |  12 |  13 
|   2 |   4 |   6 |   8 |  10 |  12 |  14 |  16 |  18 |  20 |  22 |  24 |  26 
|   3 |   6 |   9 |  12 |  15 |  18 |  21 |  24 |  27 |  30 |  33 |  36 |  39 
|   4 |   8 |  12 |  16 |  20 |  24 |  28 |  32 |  36 |  40 |  44 |  48 |  52 
|   5 |  10 |  15 |  20 |  25 |  30 |  35 |  40 |  45 |  50 |  55 |  60 |  65 
|   6 |  12 |  18 |  24 |  30 |  36 |  42 |  48 |  54 |  60 |  66 |  72 |  78 
|   7 |  14 |  21 |  28 |  35 |  42 |  49 |  56 |  63 |  70 |  77 |  84 |  91 
|   8 |  16 |  24 |  32 |  40 |  48 |  56 |  64 |  72 |  80 |  88 |  96 | 104 
|   9 |  18 |  27 |  36 |  45 |  54 |  63 |  72 |  81 |  90 |  99 | 108 | 117 
|  10 |  20 |  30 |  40 |  50 |  60 |  70 |  80 |  90 | 100 | 110 | 120 | 130 
|  11 |  22 |  33 |  44 |  55 |  66 |  77 |  88 |  99 | 110 | 121 | 132 | 143 
|  12 |  24 |  36 |  48 |  60 |  72 |  84 |  96 | 108 | 120 | 132 | 144 | 156 
|  13 |  26 |  39 |  52 |  65 |  78 |  91 | 104 | 117 | 130 | 143 | 156 | 169 
. 
"running test on holdit"       
This program will time how long you can hold your breath.
Take a deep breath, then press the 'Enter' key.
When you absolutely have to exhale, press the enter key again.
The duration will be displayed in minutes and seconds.timer started! 
Breath held for 0 min and 3 seconds. 
"running test on wordcount"    
ERROR!!!!file has 394 words!